x1: -0.142857
x2: 0.500000
x1: 1.666667
x2: 1.666667
No real solutions
